16952 26466 12996 22668 11316 19118 15854 16305 19081 17664
21080 20607 31533 20237 27983 16707 30518 27127 23244 25979
29840 23694 26609 27910 25746 22083 27132 30763 14106 12648
27516 21015 26455 35943 40650 19297 24627 27854 24557 25977
21584 32556 16025 28859 30242 21840 16712 30241 21982 26946
19699 18192 18852 20120 20457 14707 19873 21936 24156 16286
24681 26852 28523 16942 25200 36731 26153 25424 29898 18956
21799 22562 12867 17712 24870 17395 20668 26493 20390 16114
33711 16039 19025 32291 20300 28564 29412 24240 26395 23799
24033 24788 21297 23903 20411 22859 28680 28903 18798 19577
31267 27171 24732 19151 25103 28595 27149 29714 25521 24753
22774 36485 25862 32969 36647 33062 34916 33104 32032 29842
27122 33299 29966 34577 35612 32962 31942 22895 32575 26380
18409 24103 17955 20787 36930 22525 29216 17655 32248 26003
30723 30798 30357 33626 20459 32614 33575 29160 30367 25054
30904 30364 19767 27053 24701 17865 23614 17527 31104 38217
20618 9802 15244 13603 20633 15415 28009 12378 19686 24488
30454 22597 23737 21143 26086 23500 27516 22134 25782 23302
25340 28714 19805 31124 29409 20211 41800 32136 17179 22406
21092 26896 20726 28705 17421 17150 23977 20336 17444 20742
29825 25563 35714 35427 34741 42573 20992 28311 27411 37069
25289 33562 14051 22075 20136 30948 23119 22173 21441 21463
25482 23571 18979 25072 25956 21037 18849 22289 29425 12454
26496 28234 21905 19698 18132 23063 28470 33068 18658 30763
20421 14229 20282 21628 17330 11598 18315 19198 17467 10999
33950 32726 28433 37707 35767 33267 22145 30183 32448 28325
26923 27773 21427 25754 29058 21487 20012 29417 22301 18048
21634 22781 33264 28939 33760 27928 31859 21722 26784 20799
25386 22228 13020 21995 25961 16874 18002 16815 19331 16803
20788 25744 17570 23826 26446 31859 35032 27544 30812 31915
17302 15050 12801 12216 17238 20735 18144 17332 17029 14204
11593 21281 18022 16556 19204 17101 11409 11534 19549 15674
31084 31410 32392 31802 23291 15057 47635 22741 27444 30835
24470 20336 26700 32029 36094 27920 40624 21711 42976 31433
21634 28539 32890 25195 28349 26690 31404 31835 25362 20508
24773 28504 24616 24220 17256 21002 31877 21396 28340 30830
25955 24943 22604 22138 15111 27272 17896 14249 20340 23845
24120 22971 22016 37891 23678 27337 15974 22182 29474 24828
25408 23239 19147 35011 22777 26128 20356 27978 26430 27219
30259 23318 18189 25593 23389 22223 26338 19893 29382 34734
44284 40360 24886 36014 22070 32659 34923 22964 30614 41296
23592 29539 26964 16684 18258 21352 28458 25011 26261 26311
32227 26039 26119 23114 20804 26436 22321 17343 26169 30722
22862 17828 22449 18445 17881 15676 23824 18950 18863 22431
27747 21644 14597 26600 17852 28209 20921 34838 21791 26025
16299 34148 33787 30491 26806 36049 29613 38904 23665 34143
35639 38018 30723 30455 26998 19578 32466 19747 33273 23825
31214 36481 22512 32685 29721 38752 25445 32966 24737 29889
23960 23098 30170 16477 22494 33691 28533 16322 20413 28964
31049 18729 26049 20635 11613 22627 19851 24588 17976 25279
20012 25594 30665 21363 20975 25457 24172 23392 13636 18149
16116 28972 34699 13867 33378 25740 29257 20572 28843 24560
21003 12678 30907 29178 19717 23625 20696 25692 22350 18236
21862 17175 25146 23779 25480 21610 21262 24466 21218 31155
34489 37294 27843 38330 26854 36656 33642 30801 28989 39230
25531 28381 25199 25859 30197 21033 20575 7614 27193 32379
30068 20774 28196 28803 21347 32445 23518 33689 30597 28082
29155 29759 29178 22080 30749 28299 23419 27822 22957 31852
26689 30772 29631 30119 28978 37411 24896 46491 25416 35640
23157 15476 24072 29615 17339 17006 21533 20339 14602 17032
27778 30221 39330 27782 23849 48537 28170 31102 34111 27011
18583 23498 33063 28931 25062 20982 18006 25444 16939 30550
24754 28716 19277 28297 25422 26654 24091 27814 16525 24331
14131 14948 22446 23336 23285 17525 12234 24933 16079 17931
23235 20222 22924 19966 21560 26713 20202 22205 25940 21547
24270 13388 13082 22921 21266 23255 31622 17341 21032 27280
26538 28494 25105 39225 20475 30483 26925 25056 26141 21368
23700 22729 19289 32344 24424 29633 18926 31433 25262 20334
18920 19816 18690 23078 20727 28822 23924 18159 15426 8255
22068 20935 18135 16688 21333 24455 24921 22532 19772 19285
22767 24835 20204 16381 23736 22868 15576 13548 21936 28504
32753 23226 36225 26319 13624 20525 29353 27381 24816 26711
19285 24046 22889 23972 21405 23574 29357 28401 26147 25376
30358 22997 24222 23382 34132 23108 30699 25454 25334 22823
29295 30686 34378 39246 35981 29192 36066 29398 24087 27369
35340 27110 23859 12646 32830 23026 30223 14700 25914 29322
16850 20626 11843 12000 15869 10998 12658 11846 14632 11387
28343 38762 35132 25601 31687 28868 36476 36609 38700 22986
26742 21967 23667 17247 18846 26321 16624 29159 24763 25500
22786 25436 25286 11495 24674 9695 19064 23046 15729 21701
35698 30717 26166 36406 28522 26883 37576 34117 28842 30758
16509 21333 27305 23545 24040 21726 23668 23836 17646 25531
21809 21971 25823 28392 28537 27239 19783 19911 29722 21176
21891 10141 22835 31854 16226 24800 26424 21893 26676 21169
25489 20607 20072 29066 25024 29508 32633 18365 17450 26310
23982 24680 25636 13716 22815 13839 14370 20029 13350 18077
23943 20838 29205 26973 21909 19572 28308 31350 27565 22127
32869 35329 30908 31622 23292 35902 34384 31872 31569 35108
35444 30377 32582 31461 20151 29808 22520 29732 27143 13074
15389 18444 20208 14497 21080 20144 24586 22788 22927 20386
23369 27316 18629 15284 17605 18904 17179 23162 13857 19426
23830 17519 11529 22248 16986 19321 22782 16496 20389 27961
23338 33507 25367 28589 19686 26327 19792 19357 27665 27863
15749 20359 21746 27275 18765 22033 25739 23585 14333 28313
32406 27442 27272 30143 24479 25291 16269 29710 31056 20897
32412 30300 25690 26629 23846 22516 24794 31450 22106 34772
19868 24933 18732 18038 29185 21683 13525 18640 27228 19418
24192 21678 17964 13356 29583 20550 18294 14926 18335 19693
36093 35234 41124 35731 39545 28630 39726 28919 31951 26689
19657 28008 27533 29395 20378 28775 18446 35058 26322 21273
29358 20925 28709 23147 23838 24909 21102 34720 18682 33537
32533 31380 32663 40964 40830 28605 36484 28493 19153 34459
10722 13705 13557 20966 15017 18809 18147 16373 16155 18682
17799 21314 14466 27523 22027 16606 22707 19078 21962 23028
26208 22756 28629 23896 7764 11644 27693 16943 19670 25810
31620 25899 20825 26907 38950 20551 18359 25790 19896 21589
23982 25129 20333 38276 22750 21680 32747 24482 33502 26178
22926 23055 22738 28392 21220 23419 31054 28721 23281 22785
31196 20853 37600 26987 29026 28709 31508 25984 29865 33936
18928 28745 25246 24182 29480 23495 29060 28236 20911 31135
28579 24857 28413 25886 20755 29557 31392 26569 29024 24989
22104 17461 23304 25001 25248 31071 19326 17902 28393 24830
20305 10263 21220 12748 16762 22632 19951 14671 14848 10771
13720 19281 26930 29031 17538 17267 26204 27904 27609 27924
25898 23031 23747 30914 31822 21316 31858 34057 20860 23400
29127 43098 37144 36769 32453 28154 29852 35120 34056 32204
30831 26181 24923 24718 27427 32128 24805 32369 25125 25778
23253 19384 16753 21468 17081 17358 13576 20182 25737 21796
24717 23286 16956 20531 19987 25758 27066 25546 22353 30288
37989 34710 33948 9049 37485 33163 37990 27250 21463 37891
22034 19294 24956 23898 22476 21268 24196 21830 24771 18281
13311 10580 18073 16337 14103 18452 15644 15344 12072 12777
23234 30123 24101 32520 27485 19663 17980 19214 22221 22858
16909 10885 13719 12336 14309 16641 9950 17093 14376 14957
31263 26847 24295 22633 30682 30258 17822 19241 18310 18368
29051 19579 38909 17411 33570 23888 18549 28090 33822 31645
21574 22981 24472 11187 21813 14912 14015 18397 23388 21916
14545 19422 17709 18670 14002 16987 26464 25406 24161 17380
24738 17772 22946 17037 25859 31644 23985 16950 18421 15445
21252 24082 23987 25289 11396 21467 22523 24434 23732 20726
38311 33437 32428 30352 28675 34410 28254 35661 27141 29799
13786 13487 10868 4517 20769 16307 14280 13509 13347 16441
13583 19409 17942 17604 21810 21961 10966 18008 11264 14786
19632 13125 12484 19051 22941 16978 25504 15035 19514 13089
25505 38074 31329 34975 29990 33846 23871 25669 34968 28413
27159 18972 33965 25620 38774 34771 20064 29261 34253 32560
28590 25499 23578 19311 16570 14468 29582 25407 22270 14237
30393 32223 37798 19014 30847 29730 21646 31909 28518 22512
26173 32157 34778 33082 24436 26154 34102 22048 34003 38364
29918 18443 19652 21660 28454 26922 32248 34924 26397 22398
17933 29870 21769 31338 27688 33382 28174 26900 22117 40473
14181 22848 15294 22213 23404 26319 24596 14313 21471 22152
12981 23254 20549 27728 27019 29667 25609 24923 17958 21210
21080 21009 35401 16491 26456 15468 16935 19991 18377 26166
28424 31869 36782 32156 34392 26516 28177 30910 37570 28569
18032 16955 15116 15008 17797 15795 16317 10104 12065 13718
18273 27261 14986 23846 10577 27100 17373 13250 26491 24618
20453 38027 24429 36942 18301 26767 24285 27790 32535 20543
8020 20801 22595 19357 17608 9794 27285 16721 23362 20806
34838 24043 31030 30325 30062 44233 36462 26644 34777 20525
25980 15995 22350 20316 23161 14779 22454 26046 20837 29045
37334 40709 36894 28262 32657 33395 21231 31252 48542 25723
20010 13016 19497 20982 24330 22471 16451 13593 17480 21540
19261 21476 25275 27829 19673 20386 16997 19979 8891 20355
32042 35143 42043 38682 23034 34275 36044 29972 33788 40654
20389 30750 32856 21935 30905 20114 29728 19855 22725 31287
23829 29679 24934 25065 28009 20421 29385 15705 23650 20002
16847 14006 25591 16255 21217 22663 20560 15407 14661 24387
31532 33589 17635 25665 19680 26539 28363 35807 27884 18644
25408 32412 36693 30509 12858 25473 36386 25167 26937 32615
33379 12441 22106 22540 42394 30030 42111 24560 28265 28996
24335 15790 26853 15502 7940 20003 20830 13846 20839 24299
30458 42520 26017 22273 34946 30766 23458 25727 27917 35606
23375 31365 30611 21021 26985 29763 26423 19608 25155 30650
20419 35974 35893 36506 34166 29327 33535 28585 28052 39720
28120 29232 36430 29885 16851 27128 27632 33691 27521 28828
19817 24120 19758 20833 23425 27876 12710 15656 17564 23493
40151 42586 28764 40282 33966 33818 37131 35847 35857 32841
29212 26421 25757 22849 26041 32856 19463 22499 15493 24359
26224 17371 28534 26107 26442 19649 26552 17263 26196 36143
27320 28299 34248 38264 22648 32045 25918 35155 28711 32533
28530 18740 35474 19764 29219 33523 34717 27103 22381 18620
24650 27015 32520 23613 30551 27725 25919 24184 28894 23681
16073 15084 27266 17883 25521 21743 18806 11465 26533 14310
25645 19375 32614 25938 23197 43650 32860 32201 25129 22112
25691 27403 15691 26975 20800 26147 20244 17696 26288 27946
19516 23368 26928 26342 24538 31158 22915 18356 16340 23869
19130 16735 15723 15099 15813 19072 15854 12704 8860 20548
39088 22690 26530 27089 24232 33111 25869 27128 33341 26963
24576 22937 35948 40024 20933 25457 31751 29141 31052 28295
33573 36752 27271 28348 20300 30451 36282 34827 26031 19198
21868 17520 27556 14299 27247 20568 22592 28760 25344 23660
29392 24417 17231 27559 27912 24838 27157 15421 21871 19127
23618 15248 18593 11179 20335 22804 15305 24020 21173 27248
16732 22265 21498 19711 18908 23946 19663 16278 21088 18196
27980 21850 24476 37443 27723 37497 27167 22778 28481 27242
33554 26348 32978 34188 37208 37083 26075 29657 28666 38905
27064 29675 23840 17760 33657 30584 17494 24590 25719 23377
20264 27078 29003 27749 25134 27033 29643 31734 29193 25888
25691 28059 14255 31823 32862 26163 33196 23302 30102 35396
22970 23520 21202 26205 20444 23551 12584 27862 15044 25821
23352 22143 13357 17291 25865 24465 26745 22507 31723 32202
32761 26565 28014 28563 24573 23531 28312 30473 27711 23384
27551 20080 24059 25066 25100 28585 28997 13017 14207 30907
25377 17032 28040 35412 26124 20285 24256 29663 29337 28341
34992 30862 25922 33051 22069 36293 34327 49725 35177 30992
25474 40183 11676 23637 34041 21800 31877 31674 28741 26869
18809 19780 12435 23458 16585 23637 19839 25274 16991 26080
25334 29021 20905 26374 23305 30558 22262 23865 30793 31589
25574 28833 22985 19989 7781 20271 16785 20001 22500 28705
34226 21301 19750 41000 37577 29681 41829 33215 31360 26219
26341 25695 26118 15116 27974 19869 28711 15116 13410 30767
31772 39123 31678 36160 34571 27629 44934 31565 32517 32928
22117 22340 28696 25490 25564 22681 20605 19120 9403 21915
18500 15728 22840 11964 13506 13421 21119 19597 15702 16409
27768 24466 22036 25259 17651 24153 21673 26174 26775 20592
31946 35839 28926 23614 15183 19577 19841 16171 20207 25344
40853 36526 48821 30466 40397 53469 48206 33622 37123 41618
14500 28634 19319 21146 16019 24262 26081 27575 23722 19851
9492 14652 17914 15464 17237 18576 14652 10468 17328 11832
24652 25286 26407 25588 25965 29654 25519 25081 15235 29235
33403 25567 26794 24347 28645 19754 35806 37429 28118 26087
29160 23578 30974 22132 29985 29523 27754 23517 18463 22908
17812 21810 17730 17746 21195 17192 11690 13847 15582 24610
46531 42835 36823 32521 31906 40589 38196 28057 38260 44378
34000 38419 28948 16562 27331 32860 28233 26652 32137 40757
22616 28287 29858 27526 27516 17048 29489 19054 27122 38188
21327 19781 14049 20280 17444 18162 17444 24699 19071 19221
21433 7218 25139 23828 13260 7502 23504 21184 23596 12837
25279 24151 24697 24991 22618 29809 26205 37678 28898 29078
21367 22055 21923 25813 31022 22606 28333 25391 23148 30211
27585 30131 30790 40344 28172 32236 36890 30984 27625 27138
24556 19980 25702 24201 32764 31446 29969 25621 27285 27781
32332 34273 30954 21898 28947 33952 26212 29649 40543 28985
20595 22105 22573 24769 27231 30840 22146 28364 16813 24827
21313 14788 24261 20650 18629 22622 21458 22737 26441 15755
23810 16871 24119 25130 21966 32060 23354 24237 24117 17902
20074 17386 17575 13023 7940 16276 17249 18554 23274 16749
29090 37819 23942 34930 19044 21748 37760 22615 27208 25560
14133 20086 11868 13184 25096 17954 23445 20766 19504 24510
17711 30615 30687 33371 19572 26085 17616 27302 23982 32108
24405 17310 33586 22161 12459 25692 19398 20266 24113 28103
26300 19880 23841 27330 18313 27286 25693 17804 21668 18109
30279 22878 14776 20795 24144 19999 27240 27001 28290 24485
24953 28309 30707 26671 33329 24488 34336 33557 35285 30938
30171 30178 30896 21005 24719 33714 31000 28825 31427 24958
26298 15631 24561 32578 20472 29416 22929 19269 25670 16276
19196 18595 17611 21300 17213 16737 23489 18769 17121 15079
31218 18820 30461 29412 24556 13993 34077 30097 26511 20749
19291 32002 16244 16099 17789 27175 22300 23312 19363 14632
13766 10802 18307 16612 15117 19226 11197 10090 18633 16556
27789 32175 26109 32403 18963 39150 27713 17763 25262 29606
23086 23095 23899 29914 21680 23503 29729 22538 20275 24943
16952 23230 18653 24976 20898 21085 22370 21645 22961 21188
34433 41546 17629 22287 21388 26745 23707 26204 33326 21208
24999 20212 20145 13529 20141 20038 23020 20916 16165 16940
22881 17187 24463 30736 22481 21837 33738 19813 26940 29581
32035 33234 29061 30034 32406 36045 29689 27930 27677 26735
14522 22553 34347 23151 29941 27626 20928 27637 34104 27433
21747 20409 19112 26001 13285 26728 25590 12302 18830 23447
23789 20056 27892 25891 23457 20576 29746 25551 22428 34071
16428 30145 17612 28476 22577 22777 24948 25538 30530 17339
35806 38394 29109 36051 36768 28697 22567 30086 23482 27778
25806 28010 21230 22840 27284 24118 30157 18714 32301 30010
31774 28308 36295 34719 30595 36583 18855 27096 20323 13205
25715 17683 15857 17495 22365 23762 19218 19965 21260 20589
23538 24646 26526 22160 24861 21001 24148 21338 22010 18374
21892 22891 19118 18874 25803 27131 17522 39096 28964 26863
25181 16428 26869 29977 23659 32508 17195 21383 20039 28590
18556 33528 23510 21084 26572 19944 25548 13606 29814 24274
27460 26220 30065 31076 31937 27420 43683 18517 33773 21282
26599 19633 17871 29545 28130 26838 22876 23573 20828 24922
20866 19179 13688 23956 13585 26920 17417 23267 16848 17560
17587 15747 15158 21111 17507 19470 20549 19093 20086 15684
31643 28200 37842 35534 36621 22475 32053 26882 18823 34693
33235 21735 26392 16495 16441 26602 18515 22158 23775 23547
17347 28837 28045 23678 31475 22891 26770 30321 21043 19090
30287 34265 22949 21305 25120 15609 20776 26682 36843 32258
29001 26540 28726 38584 28024 27789 38863 17642 31198 36938
12982 20403 18484 12096 18223 14622 18565 13790 19515 17281
22800 30571 27779 23578 17792 31332 20875 18912 29637 27914
30879 25471 30472 22753 28106 25594 29909 24637 27302 28864
50678 33694 34485 34117 29097 30502 37997 38832 28141 37232
16358 19174 19627 26312 20299 25159 24427 28904 14395 22883
24457 16457 17518 24268 29665 23574 14897 23052 19379 16688
29855 23399 22737 28354 29677 33776 33484 31968 32751 31102
25632 40035 33158 35060 22756 20970 33218 39147 32004 24950
14025 13745 17136 8274 14788 10042 10943 14242 15781 13315
19172 20575 21346 24446 13780 23896 14524 16744 18514 21977
36112 34732 21859 25991 19864 29164 35889 28127 14099 29871
34864 26356 29871 32849 27693 25331 17926 26141 22193 22378
27221 29919 27912 23952 20783 32342 30786 29244 21148 30205
21757 30986 29860 27297 24704 35862 34117 28979 22175 22578
24019 14882 16407 21589 25112 22125 23218 24428 23201 25139
19155 31627 22691 28495 27338 33844 29082 18097 28502 20881
26176 21782 17466 16177 26016 21384 22337 30885 15642 36226
29429 36882 29272 28814 32594 28855 19257 42748 29938 26124
22512 22424 19744 29172 27275 24766 28586 32234 18588 21757
21526 27948 25088 22298 14613 14141 15872 16454 24350 13549
19345 22725 22015 19180 21883 20181 17964 31425 24453 20492
20070 22950 18398 18600 20846 21494 27713 20582 21247 21116
26220 24828 14489 38854 26497 33085 23742 23975 20857 26787
23002 40326 37900 39490 33433 26840 27105 32851 39377 35216
35627 23655 29182 36338 21929 18551 29722 20041 23524 23745
24519 25098 23961 27605 20728 24044 16085 23549 29826 18332
35351 27300 17310 33481 22275 27391 23540 27488 23877 24373
25186 17494 11642 17390 18363 21679 17294 19534 14152 18836
30001 15433 22235 28382 21709 20042 19148 20487 22978 19364
37382 25410 28486 35748 34415 39166 31529 30566 27786 29269
21743 26162 22661 25380 25639 29162 26466 25161 24878 29418
25356 33025 21965 28022 28726 21974 35468 18543 31514 30173
35533 27523 32696 32164 33754 26413 17188 16375 21142 16181
18270 14857 13612 21459 13956 21981 19339 11996 18243 16578
27983 23413 23706 36469 28344 30932 30897 21187 22920 23806
20908 34236 11070 26916 24672 19257 26339 27971 28965 18634
21936 24933 25728 25294 19135 19206 29368 22675 30631 26333
24211 30584 20702 18447 16330 26933 18773 26712 30766 24287
19272 33183 27385 19176 26713 13795 24229 20725 17934 27277
33433 36355 28694 31755 26893 23774 24874 22527 23876 20935
17771 22561 25039 23894 12785 18460 24296 23971 21111 17398
10776 19789 17527 11314 13714 20657 14255 16598 16387 17357
32427 22934 28284 23023 39732 28180 16781 38611 32808 27058
15804 25079 17681 20477 20373 21700 26475 28597 27775 20713
28043 18391 21485 23252 32916 28241 24068 34893 23309 16021
18448 21469 28068 22628 23867 17939 23192 30222 23438 24677
25075 20305 39018 20227 24903 19002 23191 34125 29819 30247
31880 22100 25817 15634 25133 25956 24262 24724 27082 20138
24984 23783 33515 24714 15875 21105 24356 37053 31639 21143
23987 23090 27297 28711 27598 25248 21197 26305 31736 30216
19291 22955 38907 22151 34477 22918 30551 21374 27750 25188
30306 24523 32005 16702 23157 33372 21447 22287 34314 34783
26301 33429 35583 48797 37161 24083 35399 26974 24651 32015
20530 22772 18427 23954 15657 18988 25120 25363 18463 24444
29480 22395 24525 26879 27578 25461 26227 27576 22072 21616
30604 30400 37101 32321 24341 25819 29444 33356 22314 33178
8683 19809 22883 18874 8169 13652 23464 21684 20554 22120
29140 22435 14984 20966 16431 25748 23031 22893 23661 23122
37636 28523 36209 34475 38003 25997 28184 25667 27509 30651
27588 25516 29071 28677 18358 28247 23145 23469 25079 20850
35640 37841 28479 28662 32614 37154 43995 25132 37351 26469
25359 27199 33244 30496 22909 27117 21118 20084 40658 30810
14287 19320 20626 18100 13225 15466 14936 20664 13302 21908
22958 25989 17650 18723 24337 24587 20181 33037 26087 21259
22912 15989 22883 13285 24440 18194 21436 23706 17539 16573
23768 26764 33681 34321 31852 24667 26119 21077 34220 24567
25356 28538 37380 29506 18160 26479 21369 27319 24755 43866
20570 17458 19543 26737 23502 21626 22319 30619 28352 19454
20723 18657 27284 16995 21089 23739 26609 27765 29203 18047
39744 31635 29904 40020 31028 21941 24329 20805 13985 32959
40712 37622 35793 39375 23640 29537 32141 25363 25858 29228
34328 38491 35582 40233 29933 37395 28886 37756 24232 33218
33610 40934 27124 29731 34145 36727 38791 26738 41488 36333
32066 29633 27052 41111 29263 28256 29906 20512 29041 24823
18041 14994 13837 22696 13913 20037 21679 21864 21004 22396
23471 17581 17463 14656 23481 22509 23221 18709 27830 17342
30021 31405 36981 24236 18869 32550 27494 25104 27762 35126
31244 35432 29039 34457 24606 22127 22407 19935 30034 38787
22804 26125 21501 22773 31042 32315 27851 24563 25200 29158
22859 22219 22121 22241 31937 31515 30341 25756 18884 32280
16713 22690 16453 19463 18387 18279 20842 20919 15047 15258
16508 30649 28461 24298 23958 25581 26129 26115 16579 18249
32325 31997 23446 34577 32277 30806 38343 23582 32790 25048
37624 32130 27687 42778 27748 27593 35015 29477 24502 35407
31398 30778 27803 37845 19285 29425 26990 18415 37949 30723
27963 25148 20752 26038 19271 26902 21010 18896 20125 26326
21956 24916 15000 27682 25569 17932 33247 24378 19825 19214
24299 27834 19872 25547 24193 31683 28587 23715 26729 22819
26698 30685 17553 16301 23020 16277 28192 27640 13471 16607
27638 24085 19725 25252 28212 22035 30103 24031 18070 26510
21965 39768 31350 34042 31304 36505 26781 32391 22104 28166
25424 7869 19677 26418 15652 22883 14759 22255 23039 33895
17848 19664 25687 22712 19259 24794 34278 25186 33613 33343
22196 41086 26637 28380 23092 22931 21436 33604 22437 19067
15546 16350 9914 17314 12517 8494 11915 14902 11825 6587
22300 24683 29790 31263 24179 28706 30342 22706 28039 25452
28934 22637 15820 22445 30300 29281 20928 34779 24705 24948
23174 24301 25299 29294 33098 23924 26713 32477 24762 26093
21391 24607 27744 38310 39568 28693 34505 34818 31137 31979
30232 26185 25295 29541 32561 25518 22675 35176 29243 20777
26136 22938 32014 31287 27563 31934 26797 32660 28837 27236
11835 19928 21764 15943 22826 16988 25012 25427 18500 20844
22904 23314 14949 20347 21406 26900 23738 15167 21609 26501
38811 40372 20423 27337 28999 23748 16423 26570 27186 28945
21545 10821 17291 32739 28629 29524 27276 30387 30203 25840
23306 25587 28099 18808 16342 20437 20624 15580 16688 19135
24933 33225 22684 23196 25170 27984 18618 32495 25898 25401
18509 23662 29514 21306 22539 14735 32057 24814 34173 25207
14667 25326 12909 12150 35291 16273 17368 23704 27725 24033
29549 29925 27351 30922 27812 25529 37324 33013 22246 20745
23939 11806 13600 10808 10034 12064 19679 15068 15695 13519
28137 30079 33003 34195 26568 24617 27541 28343 29723 21189
37387 36214 32580 32781 30207 38166 36885 40494 35557 39278
42986 37754 24674 42608 35568 29878 24355 32127 15609 35570
19242 26936 26414 18071 14506 26492 22475 27926 24366 32909
38240 24793 21872 28162 40669 32149 34711 27531 35241 28271
20588 13770 30160 31716 28245 33358 18204 20193 33882 19334
21378 23827 15136 19410 26614 25538 26289 18592 23916 19261
14972 28741 35211 29899 20435 24983 13307 18008 20614 28660
17428 16483 24334 26579 23669 35743 16948 24511 18554 16682
14458 18316 13248 13116 17670 12909 15173 19233 16208 18901
17471 30940 30649 31664 28170 30709 30822 27115 27379 25646
29346 33164 32246 25307 31281 35823 19739 27177 27001 33469
23817 28470 25269 20060 36327 34260 26799 28084 41243 22627
22888 21908 29849 37845 37659 21704 24994 27899 24760 29345
19078 34562 17711 14399 34679 27489 29674 24861 18332 19989
22401 24416 14116 23377 22716 19132 21382 22573 27023 20067
20745 26535 22927 25481 12728 20405 29238 32047 27031 20377
14750 7627 14801 17424 8896 19411 17742 9494 13351 13815
22381 26186 12672 21987 9803 16356 20644 19711 22899 14285
23138 23026 25985 21480 19845 19967 20198 27571 17001 28687
27632 18943 18461 21897 23740 27330 25158 23502 22448 19244
20070 26704 17069 13032 29789 18754 24148 19018 15095 22577
27990 28962 29521 35184 31520 34661 33232 34216 22797 24061
22051 17572 24524 26493 29527 26177 27759 25807 29124 20976
26547 21394 25491 29171 34702 14647 24478 22758 41938 32575
30004 24346 25347 24593 29326 16215 26074 21263 27006 22845
34832 25858 33604 35980 27155 36964 25396 33730 45291 40744
24586 25942 25532 31864 28479 28030 28201 35932 36218 27080
19485 19061 25146 22984 21965 25262 11112 17027 26046 13853
23723 19042 29189 32908 18424 30338 22736 28878 19898 31721
23772 17448 16473 24773 23015 23018 28655 30292 13137 22210
17562 20413 16210 26150 20574 21048 25994 25976 24662 15400
22436 29233 27436 26715 29674 22581 20820 18946 20734 24463
20724 15942 22521 24449 28731 30673 30390 17039 21631 15443
36692 24207 23453 20704 26688 15788 19930 33611 30779 35214
30339 26896 34975 36662 35907 45225 39952 26112 34822 28391
31533 24095 21744 24772 28085 20700 26157 25836 23256 19193
31204 23423 27134 24613 29008 21625 27679 22358 26853 35158
24588 34126 39601 29417 27518 27849 25089 29619 43291 33091
30631 25897 27304 27943 23300 33286 26756 28736 33771 31758
28138 28871 23678 22474 29355 22460 37654 21608 20202 21359
18676 13915 17483 18652 19944 20847 21264 18347 25276 22147
25721 25695 30887 21941 28820 26129 20294 30705 15762 24844
26181 16476 22106 28436 27557 18689 25330 23904 26642 28418
25583 48083 45266 25997 28118 22033 35011 38059 31015 34631
19952 27508 17888 28751 16113 30628 16032 31435 22713 25971
27754 24188 23257 27496 36187 13368 30287 25134 23908 20280
26949 20453 16356 23048 24732 31654 13736 28269 17558 21520
32325 24815 26480 29747 28927 26728 21623 25722 34158 22733
25228 26908 7800 17867 14431 13733 16933 16573 20172 16816
17785 16921 20480 22680 13457 20794 15031 21857 23652 14211
19456 18203 19472 19017 21323 24888 20387 24793 13442 20556
20117 13290 18153 20033 18973 14306 24660 23156 22193 26416
16075 14335 17528 17510 19511 11700 12841 14034 17437 14739
17797 29913 36879 36407 38560 39169 24151 30133 35808 35423
21206 35300 22746 24270 29885 39347 20329 25150 38840 27408
40344 20404 36250 31121 28486 25632 13449 20972 31162 34198
32905 42236 25325 26534 24067 30817 27381 22396 21323 18940
23794 19082 21893 27383 31038 34802 19519 33481 23166 20506
20320 17528 16589 17866 10646 13546 17973 11356 17541 16591
28459 25702 27184 39245 34404 30617 28959 21089 18969 25863
27358 24818 23553 23984 28781 26740 20318 25344 16403 13993
28154 32635 16756 18388 32574 26217 36137 28491 26036 25068
30757 19407 17045 29426 35719 25086 22618 28681 27188 17275
19530 30409 23891 18189 18715 19193 17738 22771 26372 18928
22963 26110 17769 13825 10732 25027 15821 15231 18077 24855
29905 28880 26489 30313 28552 38957 36608 22405 36717 24126
28685 27972 25892 21345 30362 26918 31712 31314 21148 28350
12796 22099 21567 15340 21870 17732 24570 21310 16574 16611
25616 24509 17335 27868 22450 26637 33458 22701 27097 23453
30277 35702 33774 29020 31922 17178 38650 26421 37443 29317
20314 30446 20797 29772 20618 18641 31388 23536 13866 27358
26098 27352 19685 23589 20278 17774 22407 19744 29710 23167
21805 23371 29793 21418 22025 23296 29644 25856 21853 31851
19892 19646 15365 18539 23665 21077 20151 16348 20396 18274
26801 26011 29985 25407 16780 19586 16822 21171 29942 25875
19654 28960 22836 27073 32623 30574 31388 28730 25684 30247
7635 16585 11819 12795 17730 16887 13047 18938 11636 14717
25557 21502 24166 29796 38369 19599 28391 22810 40204 31495
28136 28504 29145 40595 34698 33911 27246 22860 30782 29444
31817 32252 29924 28411 24254 29785 38121 28367 32029 33227
21708 12784 20378 14606 13649 21326 19735 15883 15583 18477
14568 12768 16621 10721 22898 11979 12411 18111 20641 20535
35088 28235 18275 29554 31835 25951 21385 27773 24442 28456
16550 12014 18484 19953 19712 19372 20696 15541 13741 18722
40396 33640 34071 31720 35745 28306 35304 35924 41848 30039
21935 25831 20541 21530 24275 26226 26146 20983 16065 33407
33816 25662 38029 29530 32484 43027 20761 36414 48336 30846
18497 33903 28013 26283 20722 28958 33651 27402 22533 27391
23942 34122 29111 26094 17931 30654 20636 26879 32743 21349
34516 30783 30695 30173 28345 22031 31073 35024 29011 37881
13156 29425 21678 24552 18159 19573 21525 19228 20101 14702
24036 28877 25465 33596 21740 23054 24237 31965 28393 31218
24194 28802 38228 30010 33085 32053 7376 24866 23352 28394
41600 24831 37014 34447 33469 25252 28677 31806 29525 27978
20086 23805 21943 14969 21672 22066 23277 21884 20909 23464
27281 27015 22934 25594 28303 29805 28484 21679 15989 24744
32803 28750 27325 17611 26363 24525 24841 27997 31611 23150
34930 34056 26233 30329 27750 26470 27878 29848 32725 19247
29378 28737 27292 27287 32611 23938 22835 29629 26456 26555
18935 20810 20246 20683 25772 23959 15473 28354 20570 15983
22300 25076 22075 28873 19289 28493 26059 23716 28214 23589
26959 31330 22327 24218 15577 20816 24227 20113 19518 29682
17984 17684 10440 17097 24240 15942 18654 18678 12722 23736
29928 16161 27996 23264 23018 31977 29185 23206 11936 33778
33772 19622 16776 21949 36059 25516 33645 32552 23300 14170
24801 25281 29028 29343 29291 16956 14704 30591 33791 25130
35590 21616 26534 23855 33949 33957 17309 21115 24737 33951
21202 21592 10188 22049 33671 30376 18797 31485 20788 24063
24307 34038 26989 27380 18920 24084 27633 18363 18988 21114
23332 34020 23592 31967 32041 31512 29046 35700 36498 26428
18827 23176 28277 23730 14879 17346 23928 21276 17863 24591
31173 29003 26381 20432 23569 26720 26709 16130 26457 27365
22059 17952 29780 22897 28089 28879 28482 40128 28546 20616
29042 33937 24501 27133 20360 23764 35544 23899 23525 26758
17956 11895 15680 21261 26594 11701 18128 9841 19479 18890
35019 32172 20581 26146 27982 21928 21540 19236 25744 30245
20274 30352 13606 19267 30225 22061 27520 21277 19960 30709
24173 32787 25499 24405 21630 30347 23962 18760 18468 31465
22626 20188 31840 30201 38770 29789 35218 35441 39029 32012
